Linux 6.17.0-20-generic (zry) 	07/26/26 	_x86_64_	(12 CPU)

# Time        UID       PID    %usr %system  %guest   %wait    %CPU   CPU  minflt/s  majflt/s     VSZ     RSS   %MEM   kB_rd/s   kB_wr/s kB_ccwr/s iodelay   cswch/s nvcswch/s  Command
01:29:09        0      3066    4.00    1.00    0.00    0.00    5.00     2     82.00      0.00 2938232  112960   0.73     -1.00     -1.00     -1.00       0      0.00      0.00  network-agent
01:29:09        0      4438   22.00    3.00    0.00    0.00   25.00     7   8265.00      5.00 2710184  111592   0.72     -1.00     -1.00     -1.00       0      0.00      0.00  cubelet
01:29:09        0      5251    5.00    0.00    0.00    0.00    5.00     3    493.00      0.00 2530704   46116   0.30     -1.00     -1.00     -1.00       0    537.00      3.00  cubemaster
01:29:09        0      6032    1.00    0.00    0.00    0.00    1.00    11   1035.00      0.00 1164532   12928   0.08     -1.00     -1.00     -1.00       0      4.00      0.00  cube-api

# Time        UID       PID    %usr %system  %guest   %wait    %CPU   CPU  minflt/s  majflt/s     VSZ     RSS   %MEM   kB_rd/s   kB_wr/s kB_ccwr/s iodelay   cswch/s nvcswch/s  Command
01:29:10        0      3066    0.00    0.00    0.00    0.00    0.00     2      0.00      0.00 2938232  112960   0.73     -1.00     -1.00     -1.00       0      0.00      0.00  network-agent
01:29:10        0      4438   20.00    3.00    0.00    0.00   23.00     7   6511.00      0.00 2776396  136404   0.88     -1.00     -1.00     -1.00       0      0.00      0.00  cubelet
01:29:10        0      5251    1.00    0.00    0.00    0.00    1.00     3     31.00      0.00 2530704   46116   0.30     -1.00     -1.00     -1.00       0      0.00      0.00  cubemaster
01:29:10        0      6032    0.00    0.00    0.00    0.00    0.00    11     66.00      0.00 1164664   13312   0.09     -1.00     -1.00     -1.00       0      4.00      0.00  cube-api

# Time        UID       PID    %usr %system  %guest   %wait    %CPU   CPU  minflt/s  majflt/s     VSZ     RSS   %MEM   kB_rd/s   kB_wr/s kB_ccwr/s iodelay   cswch/s nvcswch/s  Command
01:29:11        0      3066    1.00    0.00    0.00    0.00    1.00     2      5.00      0.00 2938232  112960   0.73     -1.00     -1.00     -1.00       0      0.00      0.00  network-agent
01:29:11        0      4438   21.00    3.00    0.00    0.00   24.00     7   2572.00      0.00 2776588  145748   0.94     -1.00     -1.00     -1.00       0      0.00      0.00  cubelet
01:29:11        0      5251    1.00    1.00    0.00    0.00    2.00     3     29.00      0.00 2530704   46372   0.30     -1.00     -1.00     -1.00       0      0.00      0.00  cubemaster
01:29:11        0      6032    0.00    0.00    0.00    0.00    0.00     1     20.00      0.00 1164664   13440   0.09     -1.00     -1.00     -1.00       0      1.00      0.00  cube-api

# Time        UID       PID    %usr %system  %guest   %wait    %CPU   CPU  minflt/s  majflt/s     VSZ     RSS   %MEM   kB_rd/s   kB_wr/s kB_ccwr/s iodelay   cswch/s nvcswch/s  Command
01:29:12        0      3066    0.00    0.00    0.00    0.00    0.00     2      0.00      0.00 2938232  112960   0.73     -1.00     -1.00     -1.00       0      0.00      0.00  network-agent
01:29:12        0      4438   15.00    2.00    0.00    0.00   17.00     7   1969.00      1.00 2774988  153000   0.99     -1.00     -1.00     -1.00       0      0.00      0.00  cubelet
01:29:12        0      5251    2.00    0.00    0.00    0.00    2.00     9      2.00      0.00 2530704   45692   0.30     -1.00     -1.00     -1.00       0    867.00      1.00  cubemaster
01:29:12        0      6032    0.00    0.00    0.00    0.00    0.00     1      0.00      0.00 1164664   13440   0.09     -1.00     -1.00     -1.00       0      0.00      0.00  cube-api

# Time        UID       PID    %usr %system  %guest   %wait    %CPU   CPU  minflt/s  majflt/s     VSZ     RSS   %MEM   kB_rd/s   kB_wr/s kB_ccwr/s iodelay   cswch/s nvcswch/s  Command
01:29:13        0      3066    0.00    0.00    0.00    0.00    0.00     2      0.00      0.00 2938232  112960   0.73     -1.00     -1.00     -1.00       0      0.00      0.00  network-agent
01:29:13        0      4438   17.00    2.00    0.00    0.00   19.00     7     82.00      0.00 2774988  136916   0.89     -1.00     -1.00     -1.00       0      0.00      0.00  cubelet
01:29:13        0      5251    0.00    0.00    0.00    0.00    0.00     8      0.00      0.00 2530704   45692   0.30     -1.00     -1.00     -1.00       0    697.00      0.00  cubemaster
01:29:13        0      6032    0.00    0.00    0.00    0.00    0.00     1      0.00      0.00 1164664   13440   0.09     -1.00     -1.00     -1.00       0      0.00      0.00  cube-api

# Time        UID       PID    %usr %system  %guest   %wait    %CPU   CPU  minflt/s  majflt/s     VSZ     RSS   %MEM   kB_rd/s   kB_wr/s kB_ccwr/s iodelay   cswch/s nvcswch/s  Command
01:29:14        0      3066    0.00    0.00    0.00    0.00    0.00     2      0.00      0.00 2938232  112960   0.73     -1.00     -1.00     -1.00       0      0.00      0.00  network-agent
01:29:14        0      4438   16.00    3.00    0.00    0.00   19.00     7     29.00      0.00 2774988  133836   0.87     -1.00     -1.00     -1.00       0      0.00      0.00  cubelet
01:29:14        0      5251    1.00    1.00    0.00    0.00    2.00     8      0.00      0.00 2530704   45692   0.30     -1.00     -1.00     -1.00       0     73.00      0.00  cubemaster
01:29:14        0      6032    0.00    0.00    0.00    0.00    0.00     1      0.00      0.00 1164664   13440   0.09     -1.00     -1.00     -1.00       0      0.00      0.00  cube-api

# Time        UID       PID    %usr %system  %guest   %wait    %CPU   CPU  minflt/s  majflt/s     VSZ     RSS   %MEM   kB_rd/s   kB_wr/s kB_ccwr/s iodelay   cswch/s nvcswch/s  Command
01:29:15        0      3066    0.00    0.00    0.00    0.00    0.00     2      0.00      0.00 2938232  112960   0.73     -1.00     -1.00     -1.00       0      0.00      0.00  network-agent
01:29:15        0      4438   16.00    2.00    0.00    0.00   18.00     7     12.00      0.00 2774988  133836   0.87     -1.00     -1.00     -1.00       0      0.00      0.00  cubelet
01:29:15        0      5251    0.00    0.00    0.00    0.00    0.00     8      0.00      0.00 2530704   45692   0.30     -1.00     -1.00     -1.00       0      0.00      0.00  cubemaster
01:29:15        0      6032    0.00    0.00    0.00    0.00    0.00     1      0.00      0.00 1164664   13440   0.09     -1.00     -1.00     -1.00       0      0.00      0.00  cube-api
