Linux 6.17.0-20-generic (zry) 	07/26/26 	_x86_64_	(12 CPU)

# Time        UID       PID    %usr %system  %guest   %wait    %CPU   CPU  minflt/s  majflt/s     VSZ     RSS   %MEM   kB_rd/s   kB_wr/s kB_ccwr/s iodelay   cswch/s nvcswch/s  Command
01:40:11        0      3066    0.00    0.00    0.00    0.00    0.00     2      0.00      0.00 2938232  113716   0.74     -1.00     -1.00     -1.00       0      0.00      0.00  network-agent
01:40:11        0      4438    7.00    2.00    0.00    0.00    9.00     7    418.00      0.00 2925076  110280   0.71     -1.00     -1.00     -1.00       0      0.00      0.00  cubelet
01:40:11        0      5251    3.00    0.00    0.00    0.00    3.00     1    373.00      0.00 2530704   47856   0.31     -1.00     -1.00     -1.00       0     25.00      2.00  cubemaster
01:40:11        0      6032    1.00    0.00    0.00    0.00    1.00     6     43.00      0.00 1232392   18560   0.12     -1.00     -1.00     -1.00       0      4.00      0.00  cube-api

# Time        UID       PID    %usr %system  %guest   %wait    %CPU   CPU  minflt/s  majflt/s     VSZ     RSS   %MEM   kB_rd/s   kB_wr/s kB_ccwr/s iodelay   cswch/s nvcswch/s  Command
01:40:12        0      3066    0.00    0.00    0.00    0.00    0.00     2      0.00      0.00 2938232  113716   0.74     -1.00     -1.00     -1.00       0      0.00      0.00  network-agent
01:40:12        0      4438    6.00    2.00    0.00    0.00    8.00     7   2646.00      0.00 2925076  120520   0.78     -1.00     -1.00     -1.00       0      0.00      0.00  cubelet
01:40:12        0      5251    1.00    1.00    0.00    0.00    2.00     1      5.00      0.00 2530704   47856   0.31     -1.00     -1.00     -1.00       0      0.00      0.00  cubemaster
01:40:12        0      6032    0.00    0.00    0.00    0.00    0.00    10     24.00      0.00 1232524   18688   0.12     -1.00     -1.00     -1.00       0      6.00      5.00  cube-api

# Time        UID       PID    %usr %system  %guest   %wait    %CPU   CPU  minflt/s  majflt/s     VSZ     RSS   %MEM   kB_rd/s   kB_wr/s kB_ccwr/s iodelay   cswch/s nvcswch/s  Command
01:40:13        0      3066    1.00    1.00    0.00    0.00    2.00     2      7.00      0.00 2938232  113716   0.74     -1.00     -1.00     -1.00       0      0.00      0.00  network-agent
01:40:13        0      4438    7.00    2.00    0.00    0.00    9.00     7   1598.00      0.00 2997016  126340   0.82     -1.00     -1.00     -1.00       0      0.00      0.00  cubelet
01:40:13        0      5251    2.00    0.00    0.00    0.00    2.00     1      3.00      0.00 2530704   47856   0.31     -1.00     -1.00     -1.00       0      0.00      0.00  cubemaster
01:40:13        0      6032    0.00    0.00    0.00    0.00    0.00    10      0.00      0.00 1232524   18688   0.12     -1.00     -1.00     -1.00       0      0.00      0.00  cube-api

# Time        UID       PID    %usr %system  %guest   %wait    %CPU   CPU  minflt/s  majflt/s     VSZ     RSS   %MEM   kB_rd/s   kB_wr/s kB_ccwr/s iodelay   cswch/s nvcswch/s  Command
01:40:14        0      3066    0.00    0.00    0.00    0.00    0.00     2      0.00      0.00 2938232  113716   0.74     -1.00     -1.00     -1.00       0      0.00      0.00  network-agent
01:40:14        0      4438    3.00    1.00    0.00    0.00    4.00     7     15.00      0.00 2997016  126468   0.82     -1.00     -1.00     -1.00       0      0.00      0.00  cubelet
01:40:14        0      5251    1.00    0.00    0.00    0.00    1.00     6      1.00      0.00 2530704   46972   0.30     -1.00     -1.00     -1.00       0      1.00      0.00  cubemaster
01:40:14        0      6032    0.00    0.00    0.00    0.00    0.00    10      0.00      0.00 1232524   18688   0.12     -1.00     -1.00     -1.00       0      0.00      0.00  cube-api

# Time        UID       PID    %usr %system  %guest   %wait    %CPU   CPU  minflt/s  majflt/s     VSZ     RSS   %MEM   kB_rd/s   kB_wr/s kB_ccwr/s iodelay   cswch/s nvcswch/s  Command
01:40:15        0      3066    0.00    0.00    0.00    0.00    0.00     2      0.00      0.00 2938232  113716   0.74     -1.00     -1.00     -1.00       0      0.00      0.00  network-agent
01:40:15        0      4438    3.00    0.00    0.00    0.00    3.00     7     37.00      0.00 2997016  126724   0.82     -1.00     -1.00     -1.00       0      0.00      0.00  cubelet
01:40:15        0      5251    1.00    0.00    0.00    0.00    1.00     6      2.00      0.00 2530704   46972   0.30     -1.00     -1.00     -1.00       0      0.00      0.00  cubemaster
01:40:15        0      6032    0.00    0.00    0.00    0.00    0.00    10      0.00      0.00 1232524   18688   0.12     -1.00     -1.00     -1.00       0      0.00      0.00  cube-api

# Time        UID       PID    %usr %system  %guest   %wait    %CPU   CPU  minflt/s  majflt/s     VSZ     RSS   %MEM   kB_rd/s   kB_wr/s kB_ccwr/s iodelay   cswch/s nvcswch/s  Command
01:40:16        0      3066    0.00    0.00    0.00    0.00    0.00     2      0.00      0.00 2938232  113716   0.74     -1.00     -1.00     -1.00       0      0.00      0.00  network-agent
01:40:16        0      4438    4.00    0.00    0.00    0.00    4.00     7    258.00      0.00 2997016  127492   0.82     -1.00     -1.00     -1.00       0      0.00      0.00  cubelet
01:40:16        0      5251    1.00    0.00    0.00    0.00    1.00     6      0.00      0.00 2530704   46972   0.30     -1.00     -1.00     -1.00       0      0.00      0.00  cubemaster
01:40:16        0      6032    0.00    0.00    0.00    0.00    0.00    10      0.00      0.00 1232524   18688   0.12     -1.00     -1.00     -1.00       0      0.00      0.00  cube-api

# Time        UID       PID    %usr %system  %guest   %wait    %CPU   CPU  minflt/s  majflt/s     VSZ     RSS   %MEM   kB_rd/s   kB_wr/s kB_ccwr/s iodelay   cswch/s nvcswch/s  Command
01:40:17        0      3066    0.00    0.00    0.00    0.00    0.00     2      0.00      0.00 2938232  113716   0.74     -1.00     -1.00     -1.00       0      0.00      0.00  network-agent
01:40:17        0      4438    4.00    1.00    0.00    0.00    5.00     7    760.00      0.00 2997016  130692   0.85     -1.00     -1.00     -1.00       0      0.00      0.00  cubelet
01:40:17        0      5251    0.00    0.00    0.00    0.00    0.00     6      0.00      0.00 2530704   46972   0.30     -1.00     -1.00     -1.00       0      0.00      0.00  cubemaster
01:40:17        0      6032    0.00    0.00    0.00    0.00    0.00    10      0.00      0.00 1232524   18688   0.12     -1.00     -1.00     -1.00       0      0.00      0.00  cube-api
