--procs-- -----------------------memory---------------------- ---swap-- -----io---- -system-- ----------cpu----------
   r    b         swpd         free         buff        cache   si   so    bi    bo   in   cs  us  sy  id  wa  st  gu
   3    0          312       622844       591784      7684484    0    0 11251  1353 10371   17   5   1  94   1   0   0
   2    0          312       377960       592100      7686612    0    0   164  1562 18060 33713   9   5  83   1   0   3
  15    0          312       310664       592164      7686936    0    0     0   336 20336 25800   2   4  89   0   0   5
   1    0          312       489140       592484      7686968    0    0    36  1801 15169 30442   4   3  91   2   0   1
   0    0          312       492140       592540      7686992    0    0     0   228 7332 13850   1   0  98   1   0   0
   0    0          312       502268       592612      7687020    0    0     0   320 9643 17418   2   1  97   0   0   0
   0    0          312       505452       592652      7687040    0    0     0   200 6751 15182   2   1  98   0   0   0
   0    0          312       506824       592716      7687064    0    0     0   566 6188 13406   1   1  97   1   0   0
